134 11 45   32 38.61    117 20.91 
134 11 46   32 38.69    117 20.92 
134 11 47   32 38.77    117 20.94 
134 11 48   32 38.84    117 20.97 
134 11 49   32 38.91    117 20.98 
134 11 50   32 38.99    117 20.99 
134 11 51   32 39.06    117 21.01 
134 11 52   32 39.14    117 21.02 
134 11 53   32 39.21    117 21.04 
134 11 55   32 39.36    117 21.07 
134 11 56   32 39.44    117 21.09 
134 11 57   32 39.51    117 21.12 
134 11 58   32 39.58    117 21.13 
134 11 59   32 39.65    117 21.14 
134 12 00   32 39.73    117 21.13 
134 12 01   32 39.80    117 21.12 
134 12 02   32 39.88    117 21.10 
134 12 03   32 39.95    117 21.09 
134 12 04   32 40.01    117 21.07 
134 12 05   32 40.08    117 21.04 
134 12 06   32 40.15    117 21.01 
134 12 07   32 40.22    117 20.98 
134 12 08   32 40.30    117 20.94 
134 12 09   32 40.37    117 20.91 
134 12 10   32 40.44    117 20.88 
134 12 11   32 40.52    117 20.84 
134 12 12   32 40.59    117 20.81 
134 12 13   32 40.66    117 20.78 
134 12 14   32 40.74    117 20.76 
134 12 15   32 40.82    117 20.73 
134 12 16   32 40.89    117 20.71 
134 12 17   32 40.97    117 20.70 
134 12 18   32 41.05    117 20.68 
134 12 19   32 41.12    117 20.67 
134 12 20   32 41.20    117 20.65 
134 12 21   32 41.28    117 20.64 
134 12 22   32 41.35    117 20.62 
134 12 23   32 41.43    117 20.60 
134 12 24   32 41.51    117 20.58 
134 12 25   32 41.58    117 20.59 
134 12 26   32 41.65    117 20.63 
134 12 27   32 41.71    117 20.70 
134 12 28   32 41.75    117 20.77 
134 12 29   32 41.80    117 20.85 
134 12 30   32 41.86    117 20.90 
134 12 31   32 41.93    117 20.94 
134 12 32   32 42.00    117 20.95 
134 12 33   32 42.08    117 20.95 
134 12 34   32 42.15    117 20.93 
134 12 35   32 42.21    117 20.87 
134 12 36   32 42.26    117 20.80 
134 12 37   32 42.29    117 20.71 
134 12 38   32 42.29    117 20.61 
134 12 39   32 42.27    117 20.52 
134 12 40   32 42.22    117 20.44 
134 12 41   32 42.16    117 20.40 
134 12 42   32 42.07    117 20.39 
134 12 43   32 41.99    117 20.42 
134 12 44   32 41.91    117 20.45 
134 12 45   32 41.83    117 20.49 
134 12 46   32 41.74    117 20.52 
134 12 47   32 41.66    117 20.54 
134 12 48   32 41.57    117 20.57 
134 12 49   32 41.49    117 20.60 
134 12 50   32 41.40    117 20.63 
134 12 51   32 41.32    117 20.66 
